838
29986
13084
5307
12576
27383
5308
27518
20375
32600
5650
7843
7011
4355
30617
1981
4755
30012
26756
22251
6251
21357
19707
12037
5610
17940
26104
5129
32310
11232
5833
6801
26022
10763
15993
5396
26085
16732
3573
3107
30657
14677
182
11680
6293
26763
2734
13718
4721
14626
6214
18703
11271
4038
8592
8020
24935
17939
10832
6972
14572
6097
13821
13336
10954
20101
2176
4503
20671
25725
31249
11803
11425
10849
23949
30709
5684
14036
6918
25899
5700
28952
26132
16024
30365
29587
30032
1509
2157
13644
16949
24525
16533
5444
14015
30112
1606
1996
4843
8206
13924
12933
4532
25211
21291
8523
30892
6698
25656
23626
16107
24856
9142
12874
21867
5759
16336
12984
28846
21446
9216
18195
29186
6549
23189
5663
3885
8909
7021
15052
874
26263
30886
12943
6203
3307
22554
14234
12311
31955
10334
28251
17316
6209
2061
11405
2262
21168
17403
12782
10504
32451
915
52
5269
28501
31454
21544
13992
4129
16878
15591
3452
6788
6363
8974
5529
16134
19701
14854
13644
20379
29745
2798
12617
28726
6222
31904
8758
20099
12507
8646
3384
3048
31662
6182
10035
18456
22336
270
3527
15678
20786
25900
1173
6301
14340
21284
2394
8395
11819
24081
25538
4936
9731
21884
32434
31488
27632
9271
17005
15074
1996
9772
25370
1409
2031
9127
31188
7255
25964
26061
7352
20211
31150
23484
18117
1855
5330
5399
19293
30274
14622
3344
13670
26436
30683
7036
13765
30279
19669
23636
21220
8126
10881
15589
10539
4738
20737
16656
12791
4535
19674
20298
11587
13435
12885
8169
11346
28183
19504
10681
1281
23747
17099
24544
15574
11809
14228
6833
0
14496
13417
7120
11405
31244
547
1341
8371
4698
30598
19738
9159
2180
28441
2810
18101
17941
26447
12055
18718
8824
18816
19522
20172
21570
1322
23495
9182
4814
20520
13566
19254
26822
19735
30937
5517
6509
32430
2522
6503
23769
23522
8631
13911
25076
4537
16105
23684
1375
18420
2433
20594
18481
10602
6823
27884
9327
11676
8203
30216
9708
27728
15604
22210
13287
22888
28102
1235
22765
28514
16444
32439
27071
14185
4082
31336
31042
11867
6262
3620
13739
10719
7819
23834
4644
17640
30786
28707
12873
7652
1185
9684
13743
19409
24470
19601
2753
16086
5657
6144
30255
23247
30796
27388
5821
7088
2982
6981
10806
30859
9486
23363
11125
11304
10258
22986
4393
22417
6384
32088
23288
9817
22544
16784
12023
5398
5148
27055
9145
26062
3520
29291
4703
24655
4834
87
5232
25949
30243
12735
19730
10875
13310
17807
31431
24833
17496
16472
154
15209
5655
4140
32037
22774
15916
32494
30785
17396
5957
25296
6206
21694
21706
25678
25434
19294
10591
29451
11547
4025
6210
29194
18749
4409
21776
14283
4844
27169
19426
9990
8151
7032
6541
13677
17205
28896
17212
26362
31938
487
12559
28843
18806
8305
12952
14514
20503
21944
28305
9952
28018
31791
15664
25114
29787
22118
3520
2383
17004
26962
12640
21905
30774
21866
20447
31226
15250
19246
1031
14407
28272
8168
4062
30271
29257
24410
12584
27718
11817
20753
3236
6971
6822
24403
30220
17213
32509
22033
11902
10146
8041
19257
26831
13919
26843
11306
14663
7714
28873
15708
11097
10888
28668
13735
12495
5970
12339
2860
13598
2872
19547
12061
28895
24697
20497
19712
5145
12913
29918
16130
21623
7926
164
17675
30441
26912
28636
4125
11725
17413
26541
11254
25088
19094
27452
29513
630
20912
9412
6964
14769
21738
8959
27691
8022
1746
31481
9367
31626
30153
5584
16648
12148
2206
6413
32584
1145
17498
6037
31883
11587
23571
5283
1260
18855
13749
17011
21966
26519
18237
12752
29545
12076
19784
27123
5660
11165
9158
21786
31262
5039
8247
10964
5399
29395
6468
24244
10837
3888
19960
780
22804
29672
15637
24480
17440
12208
1423
6091
12005
29356
12326
12298
13895
5337
3786
12792
16809
28423
4409
29172
3841
18380
24824
4349
10052
2049
11531
25797
29334
3554
12105
13003
29450
28236
3216
87
29610
21781
1653
3547
21454
9865
12735
5344
14961
7027
21200
10338
26357
15470
7493
16850
32661
28067
13963
10311
9939
14693
13104
15483
22470
23397
4030
15686
25337
27515
2870
11538
15242
12083
221
1195
14224
30209
28427
24464
16964
22252
15745
723
15404
12079
29539
3552
2988
3903
13602
9423
13824
23347
12738
25024
21111
10673
18396
4637
26360
23190
29114
15076
27688
554
27087
17384
24555
1565
31966
8077
2127
6521
7520
25814
23624
7204
14628
15774
8200
12598
30654
10254
856
11990
9018
26073
20572
32556
21194
27312
8120
13024
13403
25297
13038
18535
15630
10022
20639
7327
16309
16289
14747
15473
30077
3416
27101
2176
25414
19321
7376
29275
621
27800
7869
15273
11778
12607
23549
6901
9373
29420
11978
10811
16697
10211
26108
20093
4735
31006
27914
30547
3856
6397
15626
4742
23127
21600
1993
28886
19433
29531
31687
31124
8967
15966
25379
20831
23741
12181
10337
11649
16937
24649
388
23926
3581
10594
2144
9695
30848
25846
29646
5283
30617
32483
3709
450
10922
14194
26742
26527
19010
601
21058
2312
16471
16289
6104
4017
32640
24911
14421
8716
6024
4365
7178
133
15235
14384
12587
8116
16007
12105
9825
24607
21134
1542
13706
11221
20997
28836
19264
185
18344
8570
313
145
21771
2375
24942
13132
26278
27945
20006
26953
21922
17257
25179
2457
23838
12524
32521
27220
3538
6641
29450
17875
18904
9202
2043
8847
14497
11948
15845
22557
32491
17323
15627
23644
27197
9996
10730
772
6516
12179
12119
5594
24518
29209
28758
25150
29376
26706
13039
3015
30127
25761
22473
31175
12413
14278
26795
28596
24704
5013
21488
26536
29108
3225
22345
12258
24666
2771
21233
2223
18724
13758
9656
10442
11601
29642
1030
31152
12510
942
21749
20539
10581
13019
30032
13319
24527
13879
31583
16316
4677
15131
8328
3663
309
28263
1974
25754
22489
10717
4805
30063
10130
12408
19356
19516
16147
20771
6722
8822
9570
754
10055
30293
27833
2341
1797
3214
28005
17899
6856
28611
6932
2110
21483
15577
30421
29443
32087
3122
27054
21741
18320
7052
10129
26336
9786
26417
7192
13814
19250
6014
5718
6287
17037
16343
27686
25253
16818
10241
5014
29735
18547
583
7210
4106
10319
25216
19292
17949
16519
2746
17776
23852
13408
13319
24721
810
27584
15205
7460
9931
3834
30891
22327
28724
32469
24703
20927
29093
18258
23296
28932
18168
26377
494
16057
4840
17936
25486
15005
18702
23155
24185
26529
14654
15049
8618
12890
29529
32105
8984
2642
9600
5381
11053
18957
19374
19471
29700
21312
8622
20670
1821
6058
20727
3645
18485
10687
28228
16853
17401
18075
5840
28000
25318
9715
9062
1375
13032
11825
16050
20775
4300
24444
21188
19282
3411
28490
25543
19943
11301
15443
10993
22451
22691
15049
1967
3027
1073
27707
22442
1879
613
117
26809
2315
32061
21530
12866
18593
6052
11838
10291
1101
11535
20635
17081
23377
25673
15069
8860
3449
14083
31539
10000
23717
1728
31786
20348
7838
13374
4951
25021
30374
21186
28298
27404
11579
19276
4050
18664
7574
925
28943
19434
5842
2045
5120
25610
3647
803
8203
30468
28213
3848
8079
14862
2631
1226
17673
4739
12034
20307
4161
16084
28825
3034
28811
1260
17369
871
1006
10950
29177
15372
23546
6611
5458
4054
1628
20822
2149
29476
26255
26599
5635
20742
1884
24483
4861
21716
1024
17066
24096
17365
32614
19059
25338
12338
17286
27275
6390
30772
28025
30172
4022
7241
10572
30182
10666
8326
27875
2049
21816
27760
30652
11623
30604
10390
17334
12237
30209
32501
15972
26852
8314
18140
20535
28440
16134
28949
18823
25844
2851
31509
17520
25128
1949
30769
2122
31742
8137
5279
29478
28717
18098
30864
25479
29203
27115
26490
11321
537
2884
18555
10329
6481
28055
31406
28874
10875
11643
5020
8447
5113
31084
20024
2410
26440
23202
26819
2087
30485
23530
5544
9125
29181
22851
23287
27441
32342
24613
22960
21662
31466
22935
9206
9985
22539
30989
1590
24767
18373
30563
25367
13347
10550
17833
12041
17453
13671
23126
29258
2112
26504
22937
4201
14880
25048
31141
29388
1913
18474
4853
23715
10667
28618
1352
27685
9003
3944
17006
27985
15152
124
31909
24325
25598
25782
2452
2565
27555
19363
24938
13045
16977
9704
27487
24363
24102
19959
27134
22045
23108
23596
5667
30312
22696
9146
20453
27120
24311
24047
8850
23147
32128
8333
19726
31652
28677
9061
23956
18289
2527
22281
26426
25040
27416
17394
26586
23464
5369
8915
30230
23473
32165
9951
14640
18499
27447
6541
5624
3505
3903
14827
12468
14329
25129
11544
9627
9250
29646
6611
9833
880
30175
24511
17757
4073
10988
18512
9481
18320
7190
15436
19208
14037
1090
22165
28596
27961
22377
27635
21839
1056
28839
4867
31326
26775
22424
4075
21488
27241
15915
8436
16749
31170
22006
13442
27757
14865
1383
21859
5580
21050
12870
28529
5809
30813
17829
1257
13534
9691
8555
16190
22493
17014
9034
7701
19237
2627
23451
30596
17582
19499
16036
11522
12325
29798
1925
22571
15160
897
11137
31854
18544
20321
10036
32693
8685
31094
32342
3839
19382
18559
18622
22638
25662
17510
16770
31435
22956
25051
4751
11501
22190
24724
28518
17360
13236
16358
18410
3515
18542
29919
12887
2598
1973
18353
29503
27009
28828
27961
26343
26613
19385
4561
1962
29964
13333
3350
21124
9195
24523
18569
23030
27722
6173
23112
21446
14656
19769
1153
20572
7653
16912
32176
22001
25242
7549
16031
4658
17974
23070
5375
18734
14348
23613
166
25096
20001
32707
10224
22216
3565
1125
24128
30182
9615
11264
4446
31882
30094
25277
6345
1506
28068
28845
10518
10635
14971
11466
14913
20899
18176
463
25321
500
1715
5756
17600
25899
11183
4403
24724
21655
23269
5280
15739
7973
32061
22904
5640
3301
20712
30413
16298
3233
23238
9827
19852
16959
26752
25303
16639
18111
18462
32142
18090
2125
6339
28176
11442
31983
22508
29926
1572
22113
11283
25826
26723
27931
14593
11361
28981
5173
23174
18374
14433
5132
17924
25907
9371
4120
16550
2846
12477
5237
12394
13978
24440
31435
23731
17523
3129
10125
25077
29069
4365
13654
19539
345
8916
26948
13273
15045
2007
29251
20184
27506
11445
31300
11710
21430
28485
14815
13116
18738
5299
11973
12745
16469
14905
5488
13312
3256
20134
13969
9418
2969
18073
7583
21263
8757
31224
12504
23209
25691
24078
4085
29666
6466
733
6861
24049
15805
32408
31314
31103
16963
6920
24802
21925
32416
30961
28325
20975
17099
24317
21945
12545
5010
3644
18489
21848
18926
68
11166
13227
25394
4709
18200
21936
18351
20372
14533
19446
16779
11737
22879
17573
18989
31840
21577
19807
29301
6172
31403
9613
6832
21586
4317
16587
5054
20675
29329
25472
5949
18795
21748
15604
318
17317
21410
27320
3208
3177
29203
3863
29906
11396
19841
480
23060
1534
16702
6134
17774
28713
27349
26784
1805
3675
8874
31455
9024
28231
6181
25480
19014
26508
18605
9144
14493
29873
16888
19709
16097
747
20704
28076
454
6148
2488
21362
5284
23593
22126
2119
17188
7798
2917
15860
62
3553
1117
8706
23656
20344
2869
1292
4453
21932
18286
12682
11721
11415
6078
26781
24001
20335
7804
15191
6900
13629
25874
22185
17221
16830
28416
15415
25942
10770
21609
28112
8480
1718
17600
23567
4477
21613
25894
22138
16229
11055
28986
23652
28876
4295
19648
9892
7645
24511
13233
21829
22998
16972
24331
29494
10006
20270
3876
16744
22057
21371
26641
31676
18553
13181
30153
7488
1461
32264
2815
15063
17937
9639
13948
9200
4359
15501
28392
8125
22996
15551
29944
4331
26924
9408
25995
26379
16458
30512
5384
25255
3013
2886
31911
1445
19432
12309
26539
25743
17738
18644
271
14699
30218
19012
28948
1327
4891
30682
12810
20348
4988
20601
3576
25712
9327
11570
1860
20077
10893
11341
8683
9681
23371
27144
25039
1141
22780
16792
8459
31581
19322
30125
31225
32409
13380
11729
7888
14815
2603
23146
4717
27454
23826
4803
1605
26997
12035
3371
15754
976
6125
30974
3462
9528
18497
23294
11860
14792
17718
9299
32546
19737
22227
28174
9487
13671
16524
32069
913
22800
24200
29485
15684
3530
5949
31688
10859
8748
8819
26314
5557
28203
32275
22474
25313
17509
410
20895
20140
20905
25947
2250
16808
8480
27374
23959
8926
27891
18667
18667
18667
18667
18667
18667
18667
18667
18667
18667
18667
18667
18667
18667
18667
18667
18667
18667
18667
18667
18667
18667
18667
18667
18667
18667
18667
18667
18667
18667
18667
18667
18667
18667
18667
18667
18667
18667
18667
18667
18667
18667
18667
18667
18667
18667
18667
18667
18667
18667
18667
18667
18667
18667
18667
18667
18667
18667
18667
18667
18667
18667
18667
18667
18667
18667
18667
18667
18667
18667
18667
18667
18667
18667
18667
18667
18667
18667
18667
18667
18667
18667
18667
18667
18667
18667
18667
18667
18667
18667
18667
18667
18667
18667
18667
18667
18667
18667
18667
18667
18667
18667
18667
18667
18667
18667
18667
18667
18667
18667
18667
18667
18667
18667
18667
18667
18667
18667
18667
18667
18667
18667
18667
18667
18667
18667
18667
18667
18667
18667
18667
18667
18667
18667
18667
18667
18667
18667
18667
18667
18667
18667
18667
18667
18667
18667
18667
18667
18667
18667
18667
18667
18667
18667
18667
18667
18667
18667
18667
18667
18667
18667
18667
18667
18667
18667
18667
18667
18667
18667
18667
18667
18667
18667
18667
18667
18667
18667
18667
18667
18667
18667
18667
18667
18667
18667
18667
18667
18667
18667
18667
18667
18667
18667
18667
18667
18667
18667
18667
18667
18667
18667
18667
18667
18667
18667
18667
18667
18667
18667
18667
18667
18667
18667
18667
18667
18667
18667
18667
18667
18667
18667
18667
18667
18667
18667
18667
18667
18667
18667
18667
18667
18667
18667
18667
18667
18667
18667
18667
18667
18667
18667
18667
18667
18667
18667
18667
18667
18667
18667
18667
18667
18667
18667
18667
18667
18667
18667
18667
18667
18667
18667
18667
18667
18667
18667
18667
18667
18667
18667
18667
18667
18667
18667
18667
18667
18667
18667
18667
18667
18667
18667
18667
18667
18667
18667
18667
18667
18667
18667
18667
18667
18667
18667
18667
18667
18667
18667
18667
18667
18667
18667
18667
18667
18667
18667
18667
18667
18667
18667
18667
18667
18667
18667
18667
18667
18667
18667
18667
18667
18667
18667
18667
18667
18667
18667
18667
18667
18667
18667
18667
18667
18667
18667
18667
18667
18667
18667
18667
18667
18667
18667
18667
18667
18667
18667
18667
18667
18667
18667
18667
18667
18667
18667
18667
18667
18667
18667
18667
18667
18667
18667
18667
18667
18667
18667
18667
18667
18667
18667
18667
18667
18667
18667
18667
18667
18667
18667
18667
18667
18667
18667
18667
18667
18667
18667
18667
18667
18667
18667
18667
18667
18667
18667
18667
18667
18667
18667
18667
18667
18667
18667
18667
18667
18667
18667
18667
18667
18667
18667
18667
18667
18667
18667
18667
18667
18667
18667
18667
18667
18667
18667
18667
18667
18667
18667
18667
18667
18667
18667
18667
18667
18667
18667
18667
18667
18667
18667
18667
18667
18667
18667
18667
18667
18667
18667
18667
18667
18667
18667
18667
18667
18667
18667
18667
18667
18667
18667
18667
18667
18667
18667
18667
18667
18667
18667
18667
18667
18667
18667
18667
18667
18667
18667
18667
18667
18667
18667
18667
18667
18667
18667
18667
18667
18667
18667
18667
18667
18667
18667
18667
18667
18667
18667
18667
18667
18667
18667
18667
18667
18667
18667
18667
18667
18667
18667
18667
18667
18667
18667
18667
18667
18667
18667
18667
18667
18667
18667
18667
18667
18667
18667
18667
18667
18667
18667
18667
18667
18667
18667
18667
18667
18667
18667
18667
18667
18667
18667
18667
18667
18667
18667
18667
18667
18667
18667
18667
18667
18667
18667
18667
18667
18667
18667
18667
18667
18667
18667
18667
18667
18667
18667
18667
18667
18667
18667
18667
18667
18667
18667
18667
18667
18667
18667
18667
18667
18667
18667
18667
18667
18667
18667
18667
18667
18667
18667
18667
18667
18667
18667
18667
18667
18667
18667
18667
18667
18667
18667
18667
18667
18667
18667
18667
18667
18667
18667
18667
18667
18667
18667
18667
18667
18667
18667
18667
18667
18667
18667
18667
18667
18667
18667
18667
18667
18667
18667
18667
18667
18667
18667
18667
18667
18667
18667
18667
18667
18667
18667
18667
18667
18667
18667
18667
18667
18667
18667
18667
18667
18667
18667
18667
18667
18667
18667
18667
18667
18667
18667
18667
18667
18667
18667
18667
18667
18667
18667
18667
18667
18667
18667
18667
18667
18667
18667
18667
18667
18667
18667
18667
18667
18667
18667
18667
18667
18667
18667
18667
18667
18667
18667
18667
18667
18667
18667
18667
18667
18667
18667
18667
18667
18667
18667
18667
18667
18667
18667
18667
18667
18667
18667
18667
18667
18667
18667
18667
18667
18667
18667
18667
18667
18667
18667
18667
18667
18667
18667
18667
18667
18667
18667
18667
18667
18667
18667
18667
18667
18667
18667
18667
18667
18667
18667
18667
18667
18667
18667
18667
18667
18667
18667
18667
18667
18667
18667
18667
18667
18667
18667
18667
18667
18667
18667
18667
18667
18667
18667
18667
18667
18667
18667
18667
18667
18667
18667
18667
18667
18667
18667
18667
18667
18667
18667
18667
18667
18667
18667
18667
18667
18667
18667
18667
18667
18667
18667
18667
18667
18667
18667
18667
18667
18667
18667
18667
18667
18667
18667
18667
18667
18667
18667
18667
18667
18667
18667
18667
18667
18667
18667
18667
18667
18667
18667
18667
18667
18667
18667
18667
18667
18667
18667
18667
18667
18667
18667
18667
18667
18667
18667
18667
18667
18667
18667
18667
18667
18667
18667
18667
18667
18667
18667
18667
18667
18667
18667
18667
18667
18667
18667
18667
18667
18667
18667
18667
18667
18667
18667
18667
18667
18667
18667
18667
18667
18667
18667
18667
18667
18667
18667
18667
18667
18667
18667
18667
18667
18667
18667
18667
18667
18667
18667
18667
18667
18667
18667
18667
18667
18667
18667
18667
18667
18667
18667
18667
18667
18667
18667
18667
18667
18667
18667
18667
18667
18667
18667
18667
18667
18667
18667
18667
18667
18667
18667
18667
18667
18667
18667
18667
18667
18667
18667
18667
18667
18667
18667
18667
18667
18667
18667
18667
18667
18667
18667
18667
18667
18667
18667
18667
18667
18667
18667
18667
18667
18667
18667
18667
18667
18667
18667
18667
18667
18667
18667
18667
18667
18667
18667
18667
18667
18667
18667
18667
18667
18667
18667
18667
18667
18667
18667
18667
18667
18667
18667
18667
18667
18667
18667
18667
18667
18667
18667
18667
18667
18667
18667
18667
18667
18667
18667
18667
18667
